14107,21345,28749,35247,37961,40769,41966,44776,46453,20740,23442,29446,33930,39603,40723,42818,44994,47357,29537,28745,35505,37175,40438,41978,43230,45696,47598,31831,32670,36263,37904,40846,42408,44687,46898,48324,33736,35572,39133,41903,45453,44166,45402,47337,49137,38139,38582,39026,42456,43887,46213,46649,48232,50095,40463,41559,41904,43633,45930,46838,48523,48610,50075,43047,42765,45104,46061,47020,47693,48793,49733,51449,47310,46164,45497,47169,48918,49347,50022,50534,53054
19007,14596,21725,30196,34900,37920,39768,42619,44418,23510,19591,23210,29486,35914,38105,41466,43532,45628,30479,25532,30893,33219,37847,40011,40787,43984,45403,31972,31175,32558,35018,38538,41181,43366,45491,46257,34420,34260,37041,39007,43858,42038,43948,46191,47594,38569,37237,37425,40470,41435,43718,45704,47087,48496,40753,39922,39986,42180,43875,45362,47242,47151,49274,42701,41520,43646,43936,45433,46215,47496,48259,50600,46662,45213,44653,46105,47335,47487,48905,49893,51507
24933,20991,14639,22694,29767,34385,37284,40636,42227,28275,23611,19798,23195,31024,35335,39018,41688,43939,33270,28347,28478,28611,33511,37090,38765,42369,43982,34857,32742,31036,31547,35649,39116,40520,44077,44667,36050,35625,35509,36757,41349,39937,42332,44644,45671,40054,38327,36817,38929,39634,42061,43088,44847,46819,42030,40806,39691,40356,41606,43508,45467,45196,48494,43844,42893,43293,43186,45006,44857,45808,46689,48989,47512,45376,44181,45277,45986,46304,47594,48849,50860
29488,26039,19929,14262,21468,28679,32658,37862,39597,31618,28231,22888,19593,23523,29624,34112,39137,41062,34817,30610,28783,25109,27154,31494,35764,39839,41344,36483,33820,31154,29149,30830,34499,37859,41713,42253,37614,35854,35232,34512,36949,36995,39858,42410,44044,40392,38555,36887,36490,37082,39242,40602,41763,44191,42575,41260,39452,38801,39634,41748,43062,42739,45784,44640,42910,41845,42008,43188,42667,43708,45033,46831,47653,45360,43425,43579,44023,44145,45045,46712,48701
33700,31015,26087,20447,14212,21028,28436,34824,37036,35507,32727,27977,23443,20024,22951,29372,36328,39396,37765,34118,32891,28007,25364,27749,31385,37129,39608,38366,36716,33864,31061,29605,31545,34710,39512,39863,40427,38080,37677,35830,36997,34496,37444,40675,42571,42403,40848,39135,38236,36770,37980,38793,40814,43044,44751,44025,41467,39836,39472,39958,41462,41990,44103,46572,45121,43844,42835,42593,42600,42735,44008,46126,49419,47539,45435,44616,43816,43231,44562,45490,48314
36422,33945,30397,26250,20492,13555,20573,30129,34023,38747,35932,31587,28221,23177,19035,22808,31517,36033,40536,37232,35109,31510,27859,25029,26505,32693,36817,41014,39015,36434,33271,31150,29920,31282,35851,37349,42165,41010,39812,37357,38124,33794,34874,38606,40463,44932,42897,41402,40197,37826,38012,37332,39032,42079,47033,45670,42449,41306,40320,39912,40415,40603,43097,48695,46745,45188,44298,43278,42774,42002,43295,44609,52442,48782,46459,46050,44815,43200,44389,45303,47692
39929,37489,34033,31268,26436,20363,13555,23569,29679,41595,38992,35198,31990,28602,22904,20013,25575,32551,43356,40112,38198,34756,31976,28094,25024,29102,33988,44822,40977,38987,36916,34264,32107,31218,33972,35342,45085,42935,42414,39490,39205,35151,35667,37555,39212,47816,45162,43567,41812,39261,39699,37476,38557,40848,49983,48001,44885,43493,41776,41452,40891,40235,42722,51114,49121,47245,45962,44262,43533,42254,42997,44288,54373,50659,48466,47849,46307,45240,44964,45559,47179
41707,39890,36776,33786,29383,24854,19509,14105,20486,43756,41190,37608,34702,31072,26916,22783,19722,23923,45746,41078,39283,36668,33811,30657,26588,25665,27114,46293,43226,40929,38233,35705,33260,31502,31120,30673,47086,44590,43081,40334,39679,35278,34601,34728,34721,49249,47308,44757,42592,39667,39016,36873,36488,37261,50489,49290,45408,44333,42197,40773,40537,38743,39594,52437,49497,48260,46780,44693,42950,41722,41555,41798,54201,51766,49174,48049,46638,44782,44352,43040,45087
44924,43177,40044,36851,33413,28839,25173,20881,14046,46272,44252,40581,37616,34446,31008,27663,23537,20900,48243,44688,42725,39206,36623,33802,30197,28322,25688,48182,46310,44107,40531,37777,36157,34030,33018,30144,48524,47031,45739,42972,41434,38202,36530,36555,35332,50813,50115,46989,44207,41425,40241,38403,37953,37976,52770,51130,48238,45859,43974,42533,40995,39538,40504,54175,51187,49533,47767,46081,44963,43072,42571,41738,56541,53142,51030,49728,47929,46664,45224,45012,45607
18754,23439,29769,34366,36962,39703,41207,44107,46173,14256,21238,27994,32851,37160,39612,42114,45197,46853,21027,23612,31669,34512,37877,40595,41701,44786,46856,25817,28498,32795,36190,38891,40845,43640,45787,47442,29891,31292,36465,39914,43241,42851,43900,46408,48586,34283,35070,36718,40471,42276,44461,45269,47009,49791,36639,38481,39131,41405,43846,45072,47059,47270,49649,39606,39604,42348,43820,45322,46586,46817,48654,50451,43862,43856,42806,44802,46792,47665,48445,49374,50940
20441,19427,23458,31361,34339,37480,39342,42222,43806,20528,14547,21231,28071,34189,36529,40621,42872,44748,24997,19819,25632,30398,35022,37654,39487,42651,44350,27826,26614,28611,32175,36582,38725,41563,44713,45223,30990,30455,32934,36900,42009,41041,42558,45005,45773,35639,34356,34630,37405,39951,42095,43427,45623,46845,37953,36948,36995,39465,41158,43384,45343,45522,47808,39698,39105,40987,41350,44073,44407,45987,47148,49015,44451,42663,41887,43758,44774,45982,47232,48360,49912
25320,22377,20023,25264,30930,34757,36758,39779,41420,26908,20644,14464,21518,29904,34705,37832,40869,43472,30742,23909,21800,24273,30773,34472,37226,41387,42846,31912,28724,26946,27961,33394,37612,40364,42832,43730,33887,32249,32553,34505,39831,38872,41355,44238,45128,37621,35541,34150,36517,38188,41450,42214,44828,45627,39654,39087,36971,38296,40064,42567,44320,44969,47548,41994,40333,41134,41544,43527,43853,45382,46304,49349,46206,43841,41855,43669,44283,45226,46573,48067,49816
29314,27297,21885,20117,25066,31146,34159,39460,40059,30568,27222,20450,14152,23606,29855,35178,39768,42008,34222,28277,26137,20195,24411,30117,34660,39184,41501,35016,32064,28745,25446,29129,33119,37748,42019,42018,36012,34621,34333,33531,37256,36625,39563,42306,44271,39800,37829,36014,35772,36375,39194,41127,42510,44779,41747,40768,38803,38343,38945,40992,42922,43033,46245,44407,42137,42562,41537,42295,43277,44045,45111,48222,47884,45335,43675,44901,43923,44842,45923,47059,49117
32599,30277,26245,21220,18916,23126,28846,34897,36626,33683,30682,25545,20169,14348,21171,28137,34713,38098,35833,31513,28996,22592,19520,22523,28416,34778,38032,37188,33559,31510,27152,25335,27801,32247,37224,38567,37622,36550,34749,32720,33159,31681,35615,38698,41201,40848,38599,36623,35320,33944,35356,37069,39121,41488,42828,40973,38519,37128,36482,37901,39521,40078,42755,44872,42795,41792,40474,40276,40078,41005,42164,44235,47754,45692,42812,42721,41948,41544,43163,44999,46163
35518,33779,30491,26628,21612,18617,22742,30972,34507,37256,34337,30000,25936,20922,13632,20829,30514,35146,39587,34829,33135,28158,23150,19023,21966,30782,35565,40649,36759,34104,30351,27679,26258,28315,33685,36374,40518,39311,37842,35426,35814,30934,32550,36309,38858,43288,41303,38909,37332,35121,35089,35041,36940,40597,45586,44212,40855,38998,37874,37830,37809,38326,41875,47681,45111,43408,42505,41682,40410,39779,40904,43737,50735,47666,45259,44096,43056,42127,42535,44063,46989
38888,36581,32893,30356,25886,21331,18620,24869,30062,39651,37497,33506,29847,25878,19740,14210,22528,30809,42003,37674,35534,31960,27734,23413,19328,24124,30354,42376,39465,36796,33610,30788,28062,25757,29309,32522,42820,41368,39595,37266,36698,32053,31750,33268,36318,45514,42794,40715,39350,36310,36866,34375,35433,38442,47593,46040,42338,41018,39188,38526,37901,37657,40895,49268,46629,45333,43650,42063,40909,39428,40582,41870,52928,49407,46402,45546,43932,42551,42245,42770,45422
41041,39535,36631,33146,29734,24947,20348,19727,22636,42673,40740,36683,33413,29087,25072,19866,14524,22055,43988,39785,38244,34618,31423,27457,22336,19643,22976,44647,41639,39078,35445,33326,30451,26957,25928,27423,45395,43151,41110,39091,37356,33027,32111,31520,32032,47543,45441,42512,40752,37994,37079,34720,33845,34607,49267,47661,44278,41889,40619,38706,37769,36279,37495,50885,48373,46320,44795,42972,41022,39816,39360,39731,53244,50273,47697,46343,44541,42864,41841,41793,42695
44123,42915,39393,36405,32306,28928,25015,21526,18419,45668,43276,39762,36297,32720,29504,25552,20745,14227,46961,43160,41092,37097,34654,31428,27450,23291,19703,47079,44691,42342,39388,35952,33579,31035,28263,25261,48016,45682,43655,40762,39482,36065,34051,32225,30733,50009,47923,45247,43038,40120,38220,36137,34657,34236,51425,49599,46924,44301,41775,39931,39115,36844,36888,52588,50282,48134,46511,44941,42980,40790,39560,39106,55205,52156,49418,48257,46077,44435,42555,42181,42577
22488,25441,30074,34758,37717,39347,41204,43954,45613,18332,22246,27882,32927,36443,38922,41135,44327,46607,14570,20418,28565,31955,36460,38872,40988,44762,46086,19536,23087,28740,33312,36692,39243,42000,45059,47461,24451,26226,32324,36171,39905,40652,42614,44776,47165,29619,31247,33867,37374,39983,42234,43546,45770,47898,33131,34724,35653,38503,40985,42704,44488,45697,48309,35881,35469,38405,39870,42850,43882,44983,46486,49263,39757,39377,39359,41640,43665,44657,45805,47077,49333
24085,23445,27373,32168,35437,38269,39111,41624,44181,21757,19442,22506,29303,34221,37050,39356,42369,44444,22383,14499,23817,28790,33909,36773,39302,42185,44270,24304,20030,23700,29604,35094,38086,40845,43492,44688,27408,25931,30245,34777,40570,39409,42159,44033,45488,32669,31759,31487,35852,39145,42134,43117,44843,47168,35930,35452,35414,37702,40849,42972,44520,45618,47248,38374,37262,39077,39656,43028,43625,45181,46973,48510,43234,40816,40420,42808,44059,45072,46407,48094,49781
25717,23952,22837,26696,30262,34061,36455,39333,41052,25267,21061,18612,22484,29144,33402,36579,39358,41909,25776,19590,14501,20502,27805,32408,35818,39216,41223,27434,22722,19456,22215,29197,34284,37488,40577,42045,29542,27636,26360,28408,34709,36033,38819,40923,42856,32902,30964,29179,31181,34622,38537,40037,41645,44445,35567,34435,32393,34416,36459,39489,41226,42450,45098,37881,36374,36371,36635,39443,40736,41584,43660,45526,42199,39763,38496,39653,39845,42317,43567,45157,46956
29360,27441,24767,24055,27369,31783,34280,38295,39191,29758,26559,21083,18798,24576,30643,34467,37869,40988,31858,26057,21881,14356,21980,28441,32730,37457,40103,32137,28348,23716,19255,24171,30511,35707,39540,40422,33653,31454,29903,26995,32531,33227,37458,40696,42267,37431,34721,32160,31474,32543,36801,38827,40898,43822,39082,37926,35007,34672,35765,38672,40187,41307,44704,41739,39518,39738,37933,39213,39920,41524,43413,45611,45564,42560,41138,41253,41248,42654,43732,44807,47501
32432,30491,27614,24548,23647,27050,30830,36032,37651,32721,30505,26100,20780,19334,23601,29860,35287,38288,34672,29721,27142,20054,14438,21198,27988,34345,37460,35875,32369,28839,22777,20415,24140,30675,36026,37663,36569,34816,32416,29732,29503,29091,33662,37647,39987,39913,37390,34282,33304,30346,33111,34893,38473,40967,41402,39842,36555,35406,34331,35862,38003,39125,42514,43186,41082,40390,38724,38747,38522,39343,41145,43256,46263,44316,41723,41070,40238,40574,41563,42834,45274
36242,34585,31192,28230,25590,24391,27323,33992,35524,37242,34298,29835,26078,22402,19517,24893,32243,36561,39549,34663,32526,26362,20891,14089,21117,30988,35076,39838,35895,32555,27420,23942,20576,24628,32362,35494,39706,37686,35985,32916,32904,27235,29864,34804,38778,42326,39854,37310,34788,33183,32831,32849,36060,39498,44300,43004,39857,37960,36425,35577,36301,37607,41554,45733,43132,42233,40334,40281,39201,39041,40302,42585,49505,46457,44143,43114,41741,41273,41317,42166,44963
39124,37004,33951,31481,28165,24500,23655,29890,32651,39874,37673,33545,30066,27047,21376,19744,26284,33027,41805,37693,36046,30269,26293,20473,13800,22942,30717,41859,38357,35430,31267,28756,24241,20791,25863,31476,41865,40191,38903,35914,35426,29333,28083,31387,35586,44939,41920,39911,37247,35204,34057,31655,34055,37384,46544,45279,41889,39912,38746,36548,36143,35920,38969,48774,45297,43747,42065,41076,39744,38553,39341,41101,52184,48751,45283,44588,42977,41296,41268,42198,44483
41059,39608,36790,33813,30287,26843,24162,24490,26226,42148,40183,36218,33080,29198,25467,21225,19892,24713,43347,39520,37729,34057,29999,25465,20061,14533,22083,44151,41063,38513,34333,31553,28581,23722,20979,23019,45069,41960,40783,37359,36537,31445,29202,27696,29751,46980,44193,40880,39659,36209,35027,31820,31073,32743,48274,47059,43252,41131,39522,36846,35539,34123,35941,49822,47320,44890,43041,41554,39469,37780,37353,37896,53094,49156,46586,45474,43236,41396,40659,40687,41492
44176,42653,40474,36911,33321,29739,26836,25179,23351,45194,42873,39586,36186,32920,29276,26248,22115,20265,46796,42916,40930,37170,33665,30244,25829,21203,14754,46507,43629,41666,37684,35054,31829,28730,24686,19783,47245,45046,43223,39901,38474,35110,32281,30153,27638,49218,46950,43824,42345,38412,37199,34391,33056,32260,50972,48913,45456,43351,41179,38868,37790,35297,35822,52055,49952,48375,45240,43916,41993,39762,38565,38450,54715,52250,49118,47231,45440,43713,41877,41457,42004
26859,29716,33213,36232,38141,40329,42204,44471,46709,23817,27096,30933,34583,37029,39535,41515,44536,46616,21026,23645,31739,34279,36975,39702,40808,44315,46429,14841,21589,29183,33061,36765,40125,41934,44516,46854,19221,23646,31687,36254,40538,40617,42098,44882,46200,27067,29271,32683,37567,40307,41736,43104,44808,47634,30834,33096,35441,38105,42225,43628,44284,45698,47908,34082,34927,38491,40644,42850,43747,44984,46861,48990,39684,39259,39380,41499,43743,44930,46040,47445,49457
26707,27870,30102,34719,36418,39038,40194,42585,44651,25206,24480,26685,31108,35740,37348,40160,42753,45089,24127,19516,26562,30555,34522,37037,39647,42317,44448,21222,14556,21349,28423,34150,37163,40300,42760,44522,23145,20317,25614,32231,38420,38588,41543,43029,45443,29239,27405,28412,34197,37511,41085,41772,43973,46871,32615,32510,32520,35809,39179,42124,43281,45326,47221,35327,34393,37541,39019,41846,42347,43384,45752,47549,41807,38651,38091,40454,42502,42939,44804,47432,48772
28096,28055,27502,30706,32972,36018,38169,40282,41950,27645,25006,23642,26238,31835,35210,37751,39788,42367,28229,21730,21363,23829,29581,33795,36633,39834,41677,26144,20304,14488,20831,28886,33827,37579,40886,42261,27148,23990,21434,24927,34135,35521,39365,41580,43549,31437,28668,25359,29351,33214,38267,39802,42271,44458,34537,33292,29845,32226,36829,38868,41711,42702,45526,37340,35151,35308,36215,39093,40388,41564,44402,46328,42245,39511,37353,38766,40176,41882,43262,45347,47762
31132,30703,28637,29775,31141,34798,36700,39642,40708,31492,28955,24692,24403,29617,33571,36688,39295,41420,33383,27713,24977,21027,25904,30847,34461,38719,40781,32119,27036,22132,14575,23727,30974,35656,39861,40930,32230,29470,26167,23092,30770,32700,37627,41476,42415,36363,33216,28944,28520,30609,36581,38260,41262,44016,38376,37402,33491,32529,34953,38156,40406,41628,44839,40971,37955,38501,37363,38673,40312,41062,43408,45830,44877,42224,39629,40512,40470,42039,43447,45057,47436
32932,31729,29159,27741,27763,30089,32521,36633,38240,33574,31120,27342,23976,23728,27147,31062,36029,37792,34662,29724,27163,21548,19477,22857,29152,35388,37846,34388,30420,26500,20013,14454,21578,29107,35075,37571,34635,32420,29662,23982,22926,24293,31283,36435,39552,38160,35175,31809,28644,26126,30330,33127,37679,40594,39254,37842,34836,32904,31375,33339,36623,38499,41799,41748,38734,38381,36864,36424,36844,37602,40117,42471,45643,42930,39674,39249,37959,38817,40161,41807,44538
36726,34962,31986,29712,27283,27144,28854,34282,36155,36890,33563,30363,26951,25068,23367,26811,32238,36189,37909,33165,31137,25996,21505,19058,22619,31501,35476,37620,33515,29981,25483,20624,14377,21208,30309,33214,37257,34996,32719,29600,26531,20138,24516,31578,35901,39771,37314,34283,31927,28025,28143,28962,33735,37876,41707,40859,36966,35225,33086,31732,32905,35904,39574,43574,41382,40101,37724,37185,35903,35720,38049,40856,47192,44046,41378,40563,39552,38623,38439,40054,43846
39159,37734,34702,32200,29104,27089,26948,31140,33004,40187,37641,33593,30409,27921,24606,23854,27943,32897,40359,36524,34703,29702,25994,21514,18948,24937,30582,40508,37119,33989,29300,26198,20782,13982,22768,28483,40562,38726,36105,32740,30835,24006,20561,25180,31433,42923,39777,36981,34760,31058,29393,26283,29098,33888,44342,42702,38933,37269,35532,32910,31231,32356,36863,46422,43356,41785,39973,37929,36358,34486,35699,38669,49621,46540,42420,41824,40025,37662,37603,38648,41522
41569,40241,36816,34825,31114,28486,26662,27493,29172,42523,40091,36319,33225,30098,26947,24451,24508,27852,42571,38880,36580,32693,29085,25380,20980,19923,24043,42600,40009,37177,32758,29505,25695,20449,14412,20491,43193,40833,38068,34728,33079,27872,23636,20611,24435,45519,42361,39226,36629,33306,31881,27449,26576,28568,45842,44512,41324,39022,36027,34147,32517,30010,32740,48432,45625,43332,41063,39207,37384,35092,33987,35384,51752,47599,44839,42681,40218,38692,37658,37511,38738
44958,43160,40490,38104,35046,31965,29500,29083,28519,45847,43056,39988,36238,33510,30663,28161,26427,26575,46555,42890,40329,36606,33582,30113,26530,23037,21230,46647,43765,40666,36070,34046,30245,26895,21780,14546,46975,44725,41902,39125,37538,33222,29902,25670,22843,48136,46421,42392,40655,37380,35761,32368,29606,28511,49553,48517,44474,42204,39934,37503,35773,33502,32956,51991,48496,46813,44505,42366,40225,37852,36906,36927,54928,51481,48360,45798,44026,41536,40775,40041,40770
30306,33221,35699,38451,39740,41643,43054,45771,47335,28137,31316,34129,36131,39207,40135,42637,45066,47402,27350,28706,34490,35925,38574,40224,41835,44888,47693,21344,25597,32106,35026,38019,40324,42430,45626,46825,14449,22841,32377,36818,41930,41679,43225,45520,47792,22286,26441,31744,37701,40405,42904,43861,45671,48934,28756,32285,34464,38623,42733,43529,45205,45985,49248,32488,33532,38668,40447,44276,44984,45595,47238,49649,39738,39162,38963,42561,44526,45422,47169,48462,51415
29383,30097,32032,35757,37330,39482,41065,43460,45158,27703,27477,29414,32715,36201,38912,40587,42998,45360,26901,24192,30047,31636,35263,37624,39414,42269,44809,22142,19525,24404,29863,34944,37353,40306,42635,44098,20103,14614,23498,31023,37373,38513,40820,42963,45527,24651,21806,23679,32253,36183,40368,41334,43375,45948,29055,28604,29422,33584,39153,41152,42107,44833,46697,33077,31286,34272,37102,41203,42669,43391,45022,47246,39657,36755,35931,38946,41618,42628,44213,46325,48880
29599,29565,30159,32724,35150,37365,39310,40996,42764,29417,27100,26444,29661,33164,36516,38639,40203,42571,28781,24270,24434,26694,31558,34563,36940,40345,41444,25882,21028,18740,23127,29957,33779,37045,39818,41569,24925,20455,14345,22503,31282,33628,37403,39796,42666,28296,23750,19254,24011,29693,35443,37575,40085,42516,31279,28546,25466,28459,32680,36988,39255,41252,43491,34336,31358,31489,32649,36270,38309,40222,42744,44593,38828,35878,33615,35452,37482,39664,41984,43519,46397
32160,30894,29456,30219,31697,34563,37000,39058,40864,31116,28869,26474,26086,29808,32732,35795,38274,40000,31409,26381,24865,22734,26326,30707,34166,37453,39220,30134,25443,21258,18799,23301,29724,33099,37903,39187,29082,25284,20550,14489,23720,28604,33587,37401,40103,31696,27577,22760,19396,23380,30569,33782,37530,40437,34180,31864,26652,25479,28425,32878,36124,38810,41861,36604,32639,32545,30632,32707,35137,38016,40508,42141,40314,37451,34221,34352,34840,36501,39571,41608,44570
34347,32989,31012,29239,29057,30738,33347,36778,39046,33672,31213,29229,26577,25825,28383,32270,35192,37931,33093,29719,27213,23866,22535,25918,29386,34517,37121,32872,29679,26043,21278,18500,22379,27881,33473,36330,33271,29586,25552,19753,14340,20424,27225,32923,36872,34495,31072,27891,22365,19182,23005,28200,33801,37378,36567,34237,29890,26853,25048,27025,31523,35226,38857,38352,35914,33684,30901,30217,31425,33705,37311,40052,41265,38769,35766,34399,33131,33833,35245,38752,41053
36898,35590,33363,31587,30111,29702,31508,35417,37139,37200,34894,31518,29077,27646,27350,29445,33429,37181,37070,33088,31346,27090,24460,23168,26297,31960,35075,36853,32922,30154,25793,22204,19580,23479,30818,33880,36604,34442,30820,26434,22855,14689,21417,30345,34927,37995,35723,31530,28771,22897,20768,23588,30479,35739,39818,38319,34106,31468,28269,25787,28194,32696,37298,41791,38633,37404,34599,33406,31847,31574,35096,38597,45151,42600,38843,37850,36267,34785,35469,37915,41394
39486,38286,34933,33539,31341,29800,29692,33143,34991,39849,37501,34229,31302,29514,27757,27668,30966,34578,40024,36397,33663,29983,27308,25197,23547,27727,31847,39906,36455,33366,28886,26294,22010,19197,25097,29697,39309,36915,34202,30099,28201,20467,14503,22984,30237,40986,37991,34646,31777,27016,24441,19774,24372,31215,42230,40636,36909,34591,31429,28266,26171,28135,33633,44236,41102,39490,36884,35360,33680,31012,32714,35778,47635,44713,40691,39549,37963,34934,34179,35935,39333
42370,40642,38219,35329,33084,30585,29057,29993,31451,42435,40229,36355,33726,30774,28976,27080,27586,30339,42444,38915,36685,32513,30053,26926,23916,24262,27492,42782,39481,36312,31999,29301,25716,21368,19158,23300,42830,40174,36959,33434,31487,25834,20154,14460,22217,43689,40951,37370,34785,30514,28851,22864,19800,23989,44927,43103,39442,37076,33630,30920,27825,25199,29022,46835,43626,41680,38888,36680,34791,31883,30251,32010,49736,46363,42846,40562,38952,36141,34975,35120,36283
45424,43278,40258,37966,34885,32882,30728,29811,29869,45953,42978,39764,36965,33756,31525,28914,27730,27692,45875,42076,40148,35865,33117,29809,26606,24714,23982,45552,42619,39470,35732,32350,29188,26131,21790,18793,45373,43413,40498,36813,34572,30093,26204,21109,14493,46305,43978,40881,38157,34483,32205,27846,23558,20186,48203,45513,42202,39409,37221,34143,30832,27724,26005,49368,46263,44121,41517,39475,36847,33644,31922,30526,51832,48715,44945,42995,40559,38538,36765,35766,36297
31853,34204,36121,38503,39707,42048,44563,47048,48489,29674,31638,34638,36845,39232,40734,43438,45463,48405,28810,29587,34162,35773,38204,40373,42424,44569,47619,23803,26827,31892,34704,37364,39620,41994,44337,47501,18517,23736,31071,34760,39664,39852,42219,44178,46761,14864,22109,28009,34005,37333,40483,41831,44651,46785,20137,25375,29051,34671,38672,41449,43001,45070,47534,26016,28075,34310,36772,40684,42473,44160,45685,48719,33631,34062,35592,39391,42139,43003,45314,46074,48934
31575,32366,34451,36356,38161,40119,41974,44014,46704,29718,29975,31438,34289,36648,39583,41195,42316,45271,28922,27017,30927,33137,35757,38447,39399,42321,44961,24843,23509,27126,30621,35119,36704,39558,41294,44726,20865,19312,24985,30806,36433,37586,39715,42231,44868,20636,14685,20689,29033,33549,37919,39897,41877,44528,23621,21022,23030,30031,35069,38273,41293,42564,45258,28027,25881,29130,32518,37453,40022,41610,43732,46395,34952,31889,31821,35857,38438,40945,42900,44626,47169
32674,32466,33488,35152,36253,38997,40056,41828,44626,31876,30353,29883,32043,35674,38468,39635,41079,43201,32537,28159,29722,30615,33908,36546,38103,40791,42543,28323,25079,24342,27238,33099,35484,37958,40608,41951,25581,21645,20807,26086,34962,35002,38883,40875,42570,26745,20965,14018,23180,30461,35672,37647,41205,43121,28697,24955,19897,25218,32732,36308,39050,41354,43659,32333,28891,28710,30929,35431,38654,40517,42439,44873,38402,35176,31725,34396,36764,39500,42034,43524,46150
33124,32535,31540,32042,33437,36373,38251,40680,41928,32801,30779,29122,28924,31759,34878,37459,39290,41383,32458,28512,28103,26701,29579,33085,35582,38017,40413,30530,27346,24224,22812,27168,31261,34644,37789,39762,28952,25685,21602,19355,27504,29816,34197,37948,40403,30075,25668,19955,13942,21382,29282,33350,37588,40069,31996,29015,22633,19565,24185,30021,34912,37789,41448,34746,31413,29457,26638,29761,33451,37180,40006,42532,38800,35790,31759,31551,32563,35733,39185,41297,44152
35448,34126,32863,32193,32463,34040,35943,38568,39792,35395,33047,31121,29070,29807,32110,34740,37043,39332,35174,31300,30404,27456,27128,29516,32516,36275,38200,34251,30623,27657,24083,24108,27051,31041,35597,37387,32922,30408,26856,21925,22184,23914,29514,34989,38380,33808,30668,26038,20620,14383,22528,29210,34722,37763,35493,33409,27615,23760,20309,23473,30567,35021,39179,37206,34662,33141,29524,27825,29377,33174,38016,40345,41726,39066,34499,33908,32319,32783,35796,39130,42362
38129,36420,34389,33168,31968,31866,33476,36641,38252,38286,35474,33262,30481,29366,29546,31605,34300,37585,37639,34251,32175,29198,26977,26431,28662,33003,36313,36555,33260,30170,26900,24208,23705,25988,30854,34067,36029,33369,29830,26358,22952,19243,22971,29918,35049,36712,33414,29679,26248,20014,13878,20918,28193,34107,38174,35459,31050,27803,22706,19817,23012,28738,34170,39440,36308,35018,31115,28656,26252,27011,31682,36255,42994,39648,36706,35215,32461,31110,31605,34861,39390
40671,39641,36363,34228,32935,31353,31818,34744,36413,40244,38167,35896,33368,31479,29874,30418,32390,35729,40385,37247,35059,31791,29057,27928,26672,30490,33189,39814,36587,33215,30151,27611,25151,23864,27842,30810,39257,36846,34221,30461,28226,21711,19707,24883,31783,40395,37286,33812,30248,25589,21232,14549,22339,30402,41739,39551,35289,32413,28717,23818,20435,24196,31328,43279,39498,37875,35071,32417,29909,26603,29384,33940,46209,42568,39018,38630,35675,33124,31368,33319,38189
42878,41243,38693,35783,33785,32228,30891,31977,33964,42767,41480,37287,35444,32298,30140,29735,30030,32062,42543,40124,36868,33946,31002,28801,26777,27547,29979,42707,39439,35923,33362,30200,27013,24144,23466,26069,42944,39593,36523,32828,31424,25662,21515,19923,24273,43097,40339,36618,33607,29325,26248,20482,14585,21675,44091,41514,37816,35335,31811,27920,23381,20030,23578,45724,42343,39943,37161,34528,31583,28444,26536,28689,48296,44693,40250,38853,37444,34117,31934,31602,33705
45603,43761,40732,37930,35300,33659,31803,31568,32026,45757,43666,40376,38090,34571,32551,30758,29776,30128,45918,42411,39910,36815,33990,31291,28735,26983,27513,45469,42689,39731,36124,32961,30110,26523,24432,23149,45286,42307,39309,35901,33508,29456,25957,21633,19419,45354,43809,39739,36464,33027,29547,25540,20768,14500,46677,44516,40829,37824,34596,31442,27781,23262,20399,47617,45238,42320,39964,37141,33839,31465,27597,26045,50962,46723,44091,41521,38717,36680,34196,32627,32975
35221,36727,38373,40537,41567,43379,45536,47177,49391,32431,34057,36215,37979,39992,41912,45146,46117,49135,31730,32138,35859,36666,38729,41007,43101,46049,47718,27818,29294,33704,35359,37937,40192,42409,44460,47300,23422,27667,32931,36129,39771,40087,41954,44564,47054,19968,24579,30263,35690,38216,41047,42791,44851,48022,14354,23367,29069,33816,38091,40456,43213,45028,47916,20033,23322,31880,35656,39701,41494,43334,45553,48279,30266,30383,32821,37830,40684,42523,44359,45764,48937
34266,34283,36106,38166,40237,41821,43404,45157,47512,32237,31597,33646,35927,38041,40180,41553,43882,46334,30827,29764,32729,33997,37069,39345,40703,42609,45846,27017,26483,29741,32274,35613,37753,40095,41801,44800,23914,23576,27841,32114,36402,37401,40144,41718,44081,21686,19531,22909,29687,34028,37766,39711,41938,44297,20561,14426,20676,28215,33744,36899,40025,42005,44800,22959,18950,23479,29618,34862,38180,40293,42367,45097,29882,26317,27469,32289,36270,39427,41642,43284,46002
34307,34845,35126,37241,38174,40380,41826,43813,46110,33424,32627,31922,34234,36456,38756,40707,41179,44795,32532,30540,31378,32473,35441,37522,39097,41166,43303,30044,27695,27053,29749,33790,35909,38154,40392,42640,27502,25316,25588,28570,34934,35579,38330,40293,42395,26574,22725,18910,24734,30552,35657,37472,40016,42516,26639,21030,14433,21962,30503,34893,38055,40095,42559,28880,23693,21893,25164,32239,36782,39035,41223,43573,34883,29993,26776,29749,34212,37851,39969,43008,45233
35496,35190,34557,34873,36480,38240,39667,42634,43759,34972,32831,31589,31709,33775,36637,38947,40324,41994,34506,31287,30671,29855,32054,34755,37396,39337,41383,32319,29478,27177,27331,30050,32833,35806,38610,40851,29856,27887,25016,24258,29949,32236,35714,38343,40606,29745,26773,20942,19668,24214,31433,34620,37959,41027,30716,27236,20123,14538,22620,28973,34938,37030,40980,32263,28193,24987,21207,25332,31473,35748,38706,41758,37239,33227,28762,27902,29867,33730,37593,40923,43844
36638,35510,34404,34038,35029,36782,37383,40204,41971,36105,33988,32503,31432,32121,34304,36142,37885,40830,36088,32462,30956,29518,29783,31845,34129,37328,39548,34706,31797,29005,26735,27013,29588,32809,36183,37880,33441,31086,27896,24742,26443,27645,31320,35763,38182,33435,30323,25759,21485,19378,24381,29567,34453,37649,34324,31155,26123,20740,14274,21391,28970,33476,37866,35467,32245,29355,24583,21194,24114,30225,35514,39093,38716,36426,31889,29757,27713,28415,32849,37159,41360
38840,37338,35656,35195,34390,34823,36013,38563,40278,38274,35803,34073,32007,31759,31926,33943,36094,38627,38146,34623,32663,30846,29448,30192,31673,34912,37242,37113,33734,30925,28540,27034,27159,29257,33558,35497,36228,34065,30793,27699,26748,23842,27444,31742,36426,35694,33119,29974,26057,21324,19669,23597,29779,34555,37373,34693,29395,26211,20446,13953,21856,28638,34674,38289,34752,32618,28463,24846,21414,23475,30425,35167,41772,38540,34630,32646,29439,26726,28290,33563,38346
41308,39966,37371,35919,34763,33233,33671,36295,38175,40597,39089,36465,34064,32746,31508,32576,34009,36766,40555,37384,35521,32754,30709,29436,29395,32692,35167,40259,36704,33873,31395,29501,27297,26630,30243,33487,39697,37227,33730,30289,29027,24647,23646,28094,33022,39669,36636,33160,29578,25367,21831,19396,24316,30468,40717,37956,33671,30002,25500,20695,14448,21507,29636,41072,38197,35460,32070,28842,24643,19799,24141,31184,44280,41000,36493,35118,32159,28979,26547,29074,35060
42779,41721,39270,37202,35692,34551,33830,34849,35934,43178,42073,38584,35978,34313,32632,31921,32431,34385,43361,40558,38674,35410,32842,31028,29177,30422,32640,42524,39473,37041,33435,31913,29440,27168,27637,29957,42013,39818,36544,33954,32794,27592,25383,24741,29435,42517,40036,36036,33026,29337,27292,22046,20369,25150,43004,40471,36923,33864,30260,26510,20674,14520,22990,44708,41160,38755,35525,32707,29832,24455,21029,25231,47736,43552,39222,37713,35493,32561,29687,27638,32163
45252,44073,40834,39029,36740,34837,33907,34405,34457,45477,43840,40769,38020,35073,33344,32735,32444,32613,45418,42838,40257,37431,34548,32812,31083,29606,30533,45350,42159,39732,36764,34264,31583,29013,27439,26543,44538,42297,39111,36375,34115,29855,27643,24585,24446,45188,42410,38986,36090,32724,30112,25821,21966,19946,45778,43734,39884,36938,34262,30231,25900,20519,14747,46812,44164,40735,38048,35776,32043,28741,24110,21241,49227,45886,42212,39860,36696,34745,31504,29317,28489
37732,38629,40640,42489,43210,44418,47176,48633,50149,35597,36559,38958,40609,41698,43558,46480,46806,49698,34074,34808,37450,39118,40434,42405,44592,46604,49485,31202,32104,35406,37444,39525,40915,43576,45633,49014,27446,30471,34337,37348,39898,40673,42834,45465,48316,25486,28843,31967,36140,38635,40751,42768,44729,48286,20470,26408,30775,35219,38535,40865,42881,44907,48061,14161,21781,31299,34922,38442,41622,42744,45419,47948,24027,26315,31658,36547,39199,41868,43851,45482,48192
36922,36800,38926,39712,41651,42968,44862,46302,48352,34609,34833,36444,37932,39962,41841,44336,45182,47614,34078,32693,35568,36271,38693,40254,42582,44231,46809,30202,30408,32406,34952,37575,39030,41269,43103,45678,27038,28744,31785,34662,38744,38947,40491,42926,44573,25293,24924,28414,32693,36268,38729,40732,42350,45064,21847,20625,24825,31329,35168,38292,40942,42423,45458,20634,14417,23676,31316,35638,38951,41072,43000,45817,27156,21775,24264,32408,36709,39867,41887,42778,46434
35771,36060,36997,38062,39653,41486,43262,44980,46905,34687,33894,34058,36020,37620,40059,42205,42755,45602,32939,31743,32638,33834,35884,38495,39785,41922,44826,29774,28943,29262,31699,34792,36840,39228,40198,43413,28292,27076,27128,29702,33984,35572,38165,39981,41720,27138,24534,23014,26746,31101,35151,36993,39315,41357,25564,20884,18662,23947,30023,33725,36750,39220,42074,25277,19539,14639,21419,29358,33933,36356,39703,42670,29329,23609,19388,23616,29892,34890,37606,40263,43696
37045,37057,36836,36465,37954,40318,41554,43524,44974,35870,34634,33912,34782,35885,38316,39893,41646,43926,34865,32602,32694,31877,34260,36898,38439,40312,42794,33470,30556,29589,30269,32574,35274,37208,39180,40933,31436,29393,27889,27561,32046,33569,36292,38431,40546,30436,27638,24055,24190,27551,32926,34937,37394,40587,29480,26388,20894,19329,24899,30412,34573,37275,41153,30328,25651,21620,14408,22691,29634,33614,37641,40795,34950,29834,23580,20733,23961,30183,35257,38771,41926
38340,37415,36684,36211,36951,38085,39094,41577,43158,37702,35522,33985,33473,34457,36429,37902,39814,42150,36839,33858,32554,31861,32766,34300,36325,39121,40540,35094,32449,30230,29359,29548,32144,34759,37380,38225,33917,32086,29211,27118,28817,30018,33141,36484,38273,33717,30554,26410,24246,23463,27685,31340,34697,37499,33297,30587,25283,21736,19812,24211,30155,33805,37686,33788,29743,27040,20694,14488,22097,28531,33151,37409,36995,33120,28129,24601,20284,23234,29822,34765,39305
39743,38513,37484,36276,35810,36016,36971,39528,41745,39316,37381,35428,33914,33765,34345,35846,37467,39690,38229,35686,34111,32065,31342,31944,33337,36185,38463,37922,34909,32480,30859,29334,29811,31390,34561,36876,37073,34383,31784,29445,28992,26699,29224,33275,36201,36903,34010,30333,27123,23752,24544,26932,31135,35352,36984,33759,29679,26010,21244,19335,23742,29204,35102,37245,33460,30804,25758,20885,14259,21388,28636,33846,40055,35927,31758,29367,23782,20400,23043,30535,36320
41154,40141,38507,36933,36153,35569,36037,38801,40158,41862,39130,37461,35790,34365,33241,34669,36689,39168,40558,38316,35859,33892,32601,32147,32654,34697,37287,39995,37112,34560,32695,30709,29777,29472,32290,34485,39234,36985,34737,31482,30853,27093,27415,30674,34268,39494,36437,33706,30869,26733,25477,24187,27774,32014,39136,36975,32369,29602,25701,21658,20059,23892,31366,40066,36534,33770,29802,26729,20834,14314,22101,30488,43072,38867,34876,32686,29188,23911,20260,24250,33028
43138,42444,40075,38314,37589,35870,35007,36629,37514,43514,42107,39358,37317,35351,34431,34200,34437,36296,43156,40877,38330,36040,34145,32517,31544,32556,33778,42847,40310,37110,34965,33117,30730,29243,30124,31706,41856,40033,36930,33933,33334,28811,27671,28282,30586,42302,39570,36546,33326,29784,27758,24397,24576,27995,41750,39813,35749,32766,29283,25847,21865,19307,25579,43576,39969,37361,33257,30365,26661,20509,14383,22955,45859,41756,37373,35356,32422,28785,24123,20948,27346
45491,44371,41935,39944,38590,37475,36712,36914,36705,45943,43625,41374,39069,36812,35368,34781,34821,34859,45279,43353,41057,38054,35670,34558,32330,31752,33491,45721,43074,40722,37336,34856,33009,30583,29905,29469,45017,43133,39116,36091,35158,31153,28991,27793,27973,45291,42312,39599,36473,32478,30801,27380,25057,24216,45147,42845,39074,35751,32711,29491,26032,21629,20230,45538,42623,39810,36720,33838,30338,26007,21029,14682,48037,44304,40342,37957,35003,31946,28601,24570,22033
39519,40145,41737,43767,45131,46471,48640,50239,52461,37188,38756,40389,42662,43815,45879,47870,48782,51321,34717,36510,38519,40230,42143,44944,46600,47810,50998,31902,32934,36102,39048,40709,42644,45403,47315,49959,29705,31501,34219,36608,39798,40838,43685,46397,49130,27484,29630,32951,36288,38383,40622,42874,46127,48057,23518,27241,31096,34304,38215,39716,43061,45353,48068,18694,23070,29730,34014,37082,40065,42165,44615,47850,14390,21490,27819,33319,36734,39676,41947,44999,47310
38139,38673,40483,41426,42404,44296,46223,47506,49161,36166,36624,38358,40254,41686,42897,45154,46140,48843,34195,34445,36409,38056,40163,41872,43922,45080,47996,31005,31448,33718,36575,38802,40361,42304,44647,47162,28796,29418,31682,34732,38067,39031,41137,43066,45816,26935,27309,29535,33134,35613,38586,40136,42534,44736,24260,23795,26782,31425,35314,37895,40082,41590,45447,20916,18736,24214,30188,34538,37747,39679,42126,44833,21425,14381,21029,28726,33613,36613,39815,41943,45080
38128,38433,38805,40195,41525,43228,44482,46531,48692,37133,36934,36755,38673,39522,41397,43288,44189,46975,35956,34860,36446,36370,37927,40363,41636,43927,45966,32771,31628,32426,34714,37091,38660,40495,42153,44392,30334,30065,31594,33375,36928,37635,39895,40655,43360,29203,28128,27376,30913,33899,37120,39024,40475,42262,28234,25526,23940,28543,32917,35920,37971,40051,43208,25855,21278,20886,25778,31572,35788,37627,40392,42981,29651,22237,14315,23553,30651,34851,38210,41033,43765
38684,38736,38839,38600,39927,41649,42525,44327,46263,36895,36582,36627,37073,38388,39795,41523,43314,45038,35864,34094,34268,34253,36744,38234,39574,42185,43969,34206,31763,31448,32580,34264,36428,38177,39858,42468,32385,30968,30016,30327,34028,34490,36966,39595,41167,31801,29405,26433,27242,30302,34328,36557,38540,40848,30678,27119,23896,23425,27627,31731,35470,37739,40577,29748,25535,21787,19325,24975,30858,33795,37802,40757,31751,27042,20100,14648,21638,29060,33791,37862,41792
39406,38790,38668,38434,39242,40819,41382,43567,44610,39006,37473,37027,36017,36732,37918,39980,42530,43894,37739,35549,34657,33407,34481,36677,37809,40479,42570,36324,34217,31958,32138,32577,34041,36153,38638,40342,35134,33125,31225,29561,31755,32203,34665,37220,39249,34309,31743,28795,27334,27548,31074,34107,36125,38798,33334,30559,26974,24493,24649,28016,32409,35279,38194,33180,29431,26909,21952,20098,25465,30242,34880,37895,35431,31350,26020,21064,14573,21805,29272,34752,38856
40431,39510,38475,38235,37706,38463,39475,41511,42725,40184,38484,36503,35831,35575,36510,38431,39992,41415,39546,36588,35264,33634,33795,35004,36254,37961,40328,38013,35339,33664,32797,31679,32128,34006,36270,38126,37103,34822,33033,30683,31406,29918,32467,35495,37910,36399,33966,30552,28481,27044,27891,30356,33415,37000,36541,33748,29852,27255,24531,23946,27230,32015,35975,36485,33128,30533,26669,21769,20179,23343,31005,35123,38874,34886,30088,26623,20921,14259,21982,29112,35751
41981,41715,39585,38705,37978,37621,38471,40824,41857,42157,40193,38737,37149,36490,36070,36280,38411,39933,41717,38724,37062,35093,34274,34450,34289,36857,38646,40539,37624,35161,34651,32638,32358,32136,33862,36004,40529,37668,35419,32844,31691,29171,29762,33317,35589,39693,36870,34369,31420,28252,27615,27599,29662,33911,39405,36285,32864,29774,26368,24224,24139,27447,32744,39735,36390,33389,29131,26690,21865,18687,24732,31265,41213,37499,33961,30698,25933,20549,14710,22096,31396
44087,43462,41058,39738,38512,37961,37368,38835,40393,44439,42858,40392,38384,36735,36306,36725,37056,38726,43642,41540,38873,37508,35718,34677,33881,34929,37237,43571,40809,38124,35691,33528,32454,30698,32292,33968,42689,40341,37019,33932,33560,29857,29433,30149,32180,42210,39429,36415,33758,30761,28522,26902,27237,30130,41815,39122,35250,33293,29372,26714,24311,23710,28311,42660,39064,35922,32164,29280,25885,20816,19516,24677,44160,39362,36010,33716,29692,25795,20906,14613,24149
46624,44991,43470,41366,39830,38457,38090,38461,39334,47041,44471,43050,40350,37565,36899,36179,36095,36519,45208,44029,41166,38702,36843,36320,35221,34341,35422,46334,43673,41531,38337,35986,34295,32368,32010,32043,46309,42681,40244,36815,34565,32188,30787,29706,30346,45794,42312,40045,36560,33501,30870,28589,27114,27195,45049,42041,39338,36129,32645,29523,26833,23854,23987,45365,42530,38785,35008,32559,29160,25455,21463,19265,46326,43052,39285,36180,32618,29508,25511,20247,14808
